Matriz de escores Atual:

           0   1   2   3   4   5   6   7   8   9  10  11  12  13  14  15  16  17  18  19  20  21  22  23  24  25  26  27  28  29  30  31  32  33  34  35  36  37  38  39  40  41  42  43  44  45  46  47  48  49  50  51  52  53  54  55  56  57  58  59  60  61  62  63  64  65  66  67  68  69  70  71  72  73  74  75  76  77  78  79  80  81  82  83  84  85  86  87  88  89  90  91  92  93  94  95  96  97  98  99 100
           -   G   T   C   A   C   A   T   C   G   G   A   T   C   T   C   G   C   A   T   A   A   T   T   T   C   G   A   A   C   T   A   T   G   C   G   G   A   C   T   G   T   T   C   A   G   G   C   G   G   A   G   G   G   C   C   T   T   C   T   A   T   G   T   C   T   C   T   T   G   G   C   C   C   G   A   G   T   C   A   C   C   G   G   T   T   T   C   G   T   A   G   G   G   C   T   A   C   C   T   T
   0   -   0 -10 -20 -30 -40 -50 -60 -70 -80 -90-100-110-120-130-140-150-160-170-180-190-200-210-220-230-240-250-260-270-280-290-300-310-320-330-340-350-360-370-380-390-400-410-420-430-440-450-460-470-480-490-500-510-520-530-540-550-560-570-580-590-600-610-620-630-640-650-660-670-680-690-700-710-720-730-740-750-760-770-780-790-800-810-820-830-840-850-860-870-880-890-900-910-920-930-940-950-960-970-980-990-1000
   1   T -10   0  -9 -19 -29 -39 -49 -59 -69 -79 -89 -99-109-119-129-139-149-159-169-179-189-199-209-219-229-239-249-259-269-279-289-299-309-319-329-339-349-359-369-379-389-399-409-419-429-439-449-459-469-479-489-499-509-519-529-539-549-559-569-579-589-599-609-619-629-639-649-659-669-679-689-699-709-719-729-739-749-759-769-779-789-799-809-819-829-839-849-859-869-879-889-899-909-919-929-939-949-959-969-979-989
   2   T -20 -10   1  -9 -19 -29 -39 -48 -58 -68 -78 -88 -98-108-118-128-138-148-158-168-178-188-198-208-218-228-238-248-258-268-278-288-298-308-318-328-338-348-358-368-378-388-398-408-418-428-438-448-458-468-478-488-498-508-518-528-538-548-558-568-578-588-598-608-618-628-638-648-658-668-678-688-698-708-718-728-738-748-758-768-778-788-798-808-818-828-838-848-858-868-878-888-898-908-918-928-938-948-958-968-978
   3   G -30 -19  -9   1  -9 -19 -29 -39 -48 -57 -67 -77 -87 -97-107-117-127-137-147-157-167-177-187-197-207-217-227-237-247-257-267-277-287-297-307-317-327-337-347-357-367-377-387-397-407-417-427-437-447-457-467-477-487-497-507-517-527-537-547-557-567-577-587-597-607-617-627-637-647-657-667-677-687-697-707-717-727-737-747-757-767-777-787-797-807-817-827-837-847-857-867-877-887-897-907-917-927-937-947-957-967
   4   A -40 -29 -19  -9   2  -8 -18 -28 -38 -48 -57 -66 -76 -86 -96-106-116-126-136-146-156-166-176-186-196-206-216-226-236-246-256-266-276-286-296-306-316-326-336-346-356-366-376-386-396-406-416-426-436-446-456-466-476-486-496-506-516-526-536-546-556-566-576-586-596-606-616-626-636-646-656-666-676-686-696-706-716-726-736-746-756-766-776-786-796-806-816-826-836-846-856-866-876-886-896-906-916-926-936-946-956
   5   A -50 -39 -29 -19  -8   2  -7 -17 -27 -37 -47 -56 -66 -76 -86 -96-106-116-125-135-145-155-165-175-185-195-205-215-225-235-245-255-265-275-285-295-305-315-325-335-345-355-365-375-385-395-405-415-425-435-445-455-465-475-485-495-505-515-525-535-545-555-565-575-585-595-605-615-625-635-645-655-665-675-685-695-705-715-725-735-745-755-765-775-785-795-805-815-825-835-845-855-865-875-885-895-905-915-925-935-945
   6   A -60 -49 -39 -29 -18  -8   3  -7 -17 -27 -37 -46 -56 -66 -76 -86 -96-106-115-125-134-144-154-164-174-184-194-204-214-224-234-244-254-264-274-284-294-304-314-324-334-344-354-364-374-384-394-404-414-424-434-444-454-464-474-484-494-504-514-524-534-544-554-564-574-584-594-604-614-624-634-644-654-664-674-684-694-704-714-724-734-744-754-764-774-784-794-804-814-824-834-844-854-864-874-884-894-904-914-924-934
   7   A -70 -59 -49 -39 -28 -18  -7   3  -7 -17 -27 -36 -46 -56 -66 -76 -86 -96-105-115-124-133-143-153-163-173-183-193-203-213-223-233-243-253-263-273-283-293-303-313-323-333-343-353-363-373-383-393-403-413-423-433-443-453-463-473-483-493-503-513-523-533-543-553-563-573-583-593-603-613-623-633-643-653-663-673-683-693-703-713-723-733-743-753-763-773-783-793-803-813-823-833-843-853-863-873-883-893-903-913-923
   8   A -80 -69 -59 -49 -38 -28 -17  -7   3  -7 -17 -26 -36 -46 -56 -66 -76 -86 -95-105-114-123-133-143-153-163-173-182-192-202-212-222-232-242-252-262-272-282-292-302-312-322-332-342-352-362-372-382-392-402-412-422-432-442-452-462-472-482-492-502-512-522-532-542-552-562-572-582-592-602-612-622-632-642-652-662-672-682-692-702-712-722-732-742-752-762-772-782-792-802-812-822-832-842-852-862-872-882-892-902-912
   9   A -90 -79 -69 -59 -48 -38 -27 -17  -7   3  -7 -16 -26 -36 -46 -56 -66 -76 -85 -95-104-113-123-133-143-153-163-172-181-191-201-211-221-231-241-251-261-271-281-291-301-311-321-331-341-351-361-371-381-391-401-411-421-431-441-451-461-471-481-491-501-511-521-531-541-551-561-571-581-591-601-611-621-631-641-651-661-671-681-691-701-711-721-731-741-751-761-771-781-791-801-811-821-831-841-851-861-871-881-891-901
  10   T-100 -89 -78 -69 -58 -48 -37 -26 -17  -7   3  -7 -15 -25 -35 -45 -55 -65 -75 -84 -94-104-112-122-132-142-152-162-172-181-190-200-210-220-230-240-250-260-270-280-290-300-310-320-330-340-350-360-370-380-390-400-410-420-430-440-450-460-470-480-490-500-510-520-530-540-550-560-570-580-590-600-610-620-630-640-650-660-670-680-690-700-710-720-730-740-750-760-770-780-790-800-810-820-830-840-850-860-870-880-890
  11   A-110 -99 -88 -78 -68 -58 -47 -36 -26 -17  -7   4  -6 -15 -25 -35 -45 -55 -64 -74 -83 -93-103-112-122-132-142-151-161-171-181-189-199-209-219-229-239-249-259-269-279-289-299-309-319-329-339-349-359-369-379-389-399-409-419-429-439-449-459-469-479-489-499-509-519-529-539-549-559-569-579-589-599-609-619-629-639-649-659-669-679-689-699-709-719-729-739-749-759-769-779-789-799-809-819-829-839-849-859-869-879
  12   T-120-109 -98 -88 -78 -68 -57 -46 -36 -26 -17  -6   5  -5 -14 -24 -34 -44 -54 -63 -73 -83 -92-102-111-121-131-141-151-161-170-180-188-198-208-218-228-238-248-258-268-278-288-298-308-318-328-338-348-358-368-378-388-398-408-418-428-438-448-458-468-478-488-498-508-518-528-538-548-558-568-578-588-598-608-618-628-638-648-658-668-678-688-698-708-718-728-738-748-758-768-778-788-798-808-818-828-838-848-858-868
  13   G-130-119-108 -98 -88 -78 -67 -56 -46 -35 -25 -16  -5   5  -5 -14 -23 -33 -43 -53 -63 -73 -83 -92-102-111-120-130-140-150-160-170-180-187-197-207-217-227-237-247-257-267-277-287-297-307-317-327-337-347-357-367-377-387-397-407-417-427-437-447-457-467-477-487-497-507-517-527-537-547-557-567-577-587-597-607-617-627-637-647-657-667-677-687-697-707-717-727-737-747-757-767-777-787-797-807-817-827-837-847-857
  14   A-140-129-118-108 -97 -88 -77 -66 -56 -45 -35 -24 -15  -5   5  -5 -14 -23 -32 -42 -52 -62 -72 -82 -92-102-111-119-129-139-149-159-169-179-187-197-207-216-226-236-246-256-266-276-286-296-306-316-326-336-346-356-366-376-386-396-406-416-426-436-446-456-466-476-486-496-506-516-526-536-546-556-566-576-586-596-606-616-626-636-646-656-666-676-686-696-706-716-726-736-746-756-766-776-786-796-806-816-826-836-846
  15   A-150-139-128-118-107 -97 -87 -76 -66 -55 -45 -34 -24 -15  -5   5  -5 -14 -22 -32 -41 -51 -61 -71 -81 -91-101-110-118-128-138-148-158-168-178-187-197-206-216-226-236-246-256-266-275-285-295-305-315-325-335-345-355-365-375-385-395-405-415-425-435-445-455-465-475-485-495-505-515-525-535-545-555-565-575-585-595-605-615-625-635-645-655-665-675-685-695-705-715-725-735-745-755-765-775-785-795-805-815-825-835
  16   C-160-149-138-127-117-106 -97 -86 -75 -65 -55 -44 -34 -23 -15  -4   5  -4 -14 -22 -32 -41 -51 -61 -71 -80 -90-100-110-117-127-137-147-157-167-177-187-197-205-215-225-235-245-255-265-275-285-294-304-314-324-334-344-354-364-374-384-394-404-414-424-434-444-454-464-474-484-494-504-514-524-534-544-554-564-574-584-594-604-614-624-634-644-654-664-674-684-694-704-714-724-734-744-754-764-774-784-794-804-814-824
  17   T-170-159-148-137-127-116-106 -96 -85 -75 -65 -54 -43 -33 -22 -14  -4   5  -4 -13 -22 -32 -40 -50 -60 -70 -80 -90-100-110-116-126-136-146-156-166-176-186-196-204-214-224-234-244-254-264-274-284-294-304-314-324-334-344-354-364-373-383-393-403-413-423-433-443-453-463-473-483-493-503-513-523-533-543-553-563-573-583-593-603-613-623-633-643-653-663-673-683-693-703-713-723-733-743-753-763-773-783-793-803-813
  18   A-180-169-158-147-136-126-115-106 -95 -85 -75 -64 -53 -43 -32 -22 -14  -4   6  -4 -12 -21 -31 -40 -50 -60 -70 -79 -89 -99-109-115-125-135-145-155-165-175-185-195-204-214-224-234-243-253-263-273-283-293-303-313-323-333-343-353-363-373-383-393-402-412-422-432-442-452-462-472-482-492-502-512-522-532-542-552-562-572-582-592-602-612-622-632-642-652-662-672-682-692-702-712-722-732-742-752-762-772-782-792-802
  19   T-190-179-168-157-146-136-125-114-105 -95 -85 -74 -63 -53 -42 -32 -22 -14  -4   7  -3 -12 -20 -30 -39 -49 -59 -69 -79 -89 -98-108-114-124-134-144-154-164-174-184-194-203-213-223-233-243-253-263-273-283-293-303-313-323-333-343-352-362-372-382-392-401-411-421-431-441-451-461-471-481-491-501-511-521-531-541-551-561-571-581-591-601-611-621-631-641-651-661-671-681-691-701-711-721-731-741-751-761-771-781-791
  20   C-200-189-178-167-156-145-135-124-113-105 -95 -84 -73 -62 -52 -41 -32 -21 -14  -3   7  -3 -12 -20 -30 -38 -48 -58 -68 -78 -88 -98-108-114-123-133-143-153-163-173-183-193-203-212-222-232-242-252-262-272-282-292-302-312-322-332-342-352-361-371-381-391-401-411-420-430-440-450-460-470-480-490-500-510-520-530-540-550-560-570-580-590-600-610-620-630-640-650-660-670-680-690-700-710-720-730-740-750-760-770-780
  21   C-210-199-188-177-166-155-145-134-123-113-105 -94 -83 -72 -62 -51 -41 -31 -21 -13  -3   7  -3 -12 -20 -29 -38 -48 -58 -67 -77 -87 -97-107-113-123-133-143-152-162-172-182-192-202-212-222-232-241-251-261-271-281-291-301-311-321-331-341-351-361-371-381-391-401-410-420-429-439-449-459-469-479-489-499-509-519-529-539-549-559-569-579-589-599-609-619-629-639-649-659-669-679-689-699-709-719-729-739-749-759-769
  22   C-220-209-198-187-176-165-155-144-133-123-113-104 -93 -82 -72 -61 -51 -40 -31 -21 -13  -3   7  -3 -12 -19 -29 -38 -48 -57 -67 -77 -87 -97-106-113-123-133-142-152-162-172-182-191-201-211-221-231-241-251-261-271-281-291-300-310-320-330-340-350-360-370-380-390-400-410-419-429-439-449-459-468-478-488-498-508-518-528-538-548-558-568-578-588-598-608-618-628-638-648-658-668-678-688-698-708-718-728-738-748-758
  23   C-230-219-208-197-186-175-165-154-143-133-123-113-103 -92 -82 -71 -61 -50 -40 -31 -21 -13  -3   7  -3 -11 -19 -29 -38 -47 -57 -67 -77 -87 -96-106-113-123-132-142-152-162-172-181-191-201-211-220-230-240-250-260-270-280-290-299-309-319-329-339-349-359-369-379-389-399-409-419-429-439-449-458-467-477-487-497-507-517-527-537-547-557-567-577-587-597-607-617-627-637-647-657-667-677-687-697-707-717-727-737-747
  24   A-240-229-218-207-196-185-174-164-153-143-133-122-113-102 -92 -81 -71 -60 -49 -40 -30 -20 -13  -3   7  -3 -11 -18 -28 -38 -47 -56 -66 -76 -86 -96-106-112-122-132-142-152-162-172-180-190-200-210-220-230-239-249-259-269-279-289-299-309-319-329-338-348-358-368-378-388-398-408-418-428-438-448-458-467-477-486-496-506-516-526-536-546-556-566-576-586-596-606-616-626-636-646-656-666-676-686-696-706-716-726-736
  25   C-250-239-228-217-206-195-184-174-163-153-143-132-122-112-102 -91 -81 -70 -59 -49 -40 -30 -20 -13  -3   8  -2 -11 -18 -27 -37 -47 -56 -66 -75 -85 -95-105-111-121-131-141-151-161-171-180-190-199-209-219-229-239-249-259-268-278-288-298-308-318-328-338-348-358-367-377-387-397-407-417-427-437-447-457-467-477-486-496-505-515-525-535-545-555-565-575-585-595-605-615-625-635-645-655-665-675-685-695-705-715-725
  26   T-260-249-238-227-216-205-194-183-173-163-153-142-131-122-111-101 -91 -80 -69 -58 -49 -40 -29 -19 -12  -2   8  -2 -11 -18 -26 -36 -46 -56 -66 -75 -85 -95-105-110-120-130-140-150-160-170-180-190-199-209-219-229-239-249-259-268-277-287-297-307-317-327-337-347-357-366-376-386-396-406-416-426-436-446-456-466-476-485-495-505-515-525-535-545-554-564-574-584-594-604-614-624-634-644-654-664-674-684-694-704-714
  27   T-270-259-248-237-226-215-204-193-183-173-163-152-141-131-121-111-101 -90 -79 -68 -58 -49 -39 -28 -18 -12  -2   8  -2 -11 -17 -26 -35 -45 -55 -65 -75 -85 -95-104-110-119-129-139-149-159-169-179-189-199-209-219-229-239-249-259-267-276-286-296-306-316-326-336-346-356-366-375-385-395-405-415-425-435-445-455-465-475-485-495-505-515-525-535-544-553-563-573-583-593-603-613-623-633-643-653-663-673-683-693-703
  28   T-280-269-258-247-236-225-214-203-193-183-173-162-151-141-130-121-111-100 -89 -78 -68 -58 -48 -38 -27 -18 -12  -2   8  -2 -10 -17 -25 -35 -45 -55 -65 -75 -85 -94-104-109-118-128-138-148-158-168-178-188-198-208-218-228-238-248-258-266-276-285-295-305-315-325-335-345-355-365-374-384-394-404-414-424-434-444-454-464-474-484-494-504-514-524-534-543-552-562-572-582-592-602-612-622-632-642-652-662-672-682-692
  29   C-290-279-268-257-246-235-224-213-202-193-183-172-161-150-140-129-121-110 -99 -88 -78 -68 -58 -48 -37 -26 -18 -12  -2   9  -1 -10 -17 -25 -34 -44 -54 -64 -74 -84 -94-104-109-117-127-137-147-157-167-177-187-197-207-217-227-237-247-257-265-275-285-295-305-315-324-334-344-354-364-374-384-393-403-413-423-433-443-453-463-473-483-493-503-513-523-533-543-551-561-571-581-591-601-611-621-631-641-651-661-671-681
  30   G-300-289-278-267-256-245-234-223-212-201-192-182-171-160-150-139-128-120-109 -98 -88 -78 -68 -58 -47 -36 -25 -18 -12  -1   9  -1 -10 -16 -25 -33 -43 -53 -63 -73 -83 -93-103-109-117-126-136-146-156-166-176-186-196-206-216-226-236-246-256-265-275-285-294-304-314-324-334-344-354-363-373-383-393-403-412-422-432-442-452-462-472-482-492-502-512-522-532-542-550-560-570-580-590-600-610-620-630-640-650-660-670
  31   A-310-299-288-277-266-255-244-233-222-211-201-191-181-170-160-149-138-128-119-108 -97 -87 -78 -68 -57 -46 -35 -24 -17 -11  -1  10   0 -10 -16 -25 -33 -42 -52 -62 -72 -82 -92-102-108-117-126-136-146-156-165-175-185-195-205-215-225-235-245-255-264-274-284-294-304-314-324-334-344-354-363-373-383-393-403-411-421-431-441-451-461-471-481-491-501-511-521-531-541-550-559-569-579-589-599-609-619-629-639-649-659
  32   T-320-309-298-287-276-265-254-243-232-221-211-201-190-180-169-159-148-138-128-118-107 -97 -86 -77 -67 -56 -45 -34 -24 -17 -10   0  11   1  -9 -16 -25 -33 -42 -51 -61 -71 -81 -91-101-108-117-126-136-146-156-165-175-185-195-205-214-224-234-244-254-263-273-283-293-303-313-323-333-343-353-363-373-383-393-403-411-420-430-440-450-460-470-480-490-500-510-520-530-540-550-559-569-579-589-598-608-618-628-638-648
  33   G-330-319-308-297-286-275-264-253-242-231-220-211-200-190-179-169-158-148-138-128-117-107 -96 -86 -77 -66 -55 -44 -34 -24 -17 -10   1  12   2  -8 -15 -25 -33 -42 -50 -60 -70 -80 -90-100-107-117-125-135-145-155-164-174-184-194-204-214-224-234-244-254-262-272-282-292-302-312-322-332-342-352-362-372-382-392-402-411-420-430-440-450-459-469-479-489-499-509-519-529-539-549-558-568-578-588-598-608-618-628-638
  34   G-340-329-318-307-296-285-274-263-252-241-230-220-210-200-189-179-168-158-148-138-127-117-106 -96 -86 -76 -65 -54 -44 -34 -24 -17  -9   2  12   3  -7 -15 -25 -33 -41 -50 -60 -70 -80 -89 -99-107-116-124-134-144-154-163-173-183-193-203-213-223-233-243-253-262-272-282-292-302-312-321-331-341-351-361-371-381-391-401-411-420-430-440-449-458-468-478-488-498-508-518-528-538-548-557-567-577-587-597-607-617-627
  35   G-350-339-328-317-306-295-284-273-262-251-240-230-220-210-199-189-178-168-158-148-137-127-116-106 -96 -86 -75 -64 -54 -44 -34 -24 -17  -8   2  13   4  -6 -15 -25 -32 -41 -50 -60 -70 -79 -88 -98-106-115-124-133-143-153-163-173-183-193-203-213-223-233-242-252-262-272-282-292-302-311-320-330-340-350-360-370-380-390-400-410-420-430-439-448-458-468-478-488-497-507-517-527-537-547-557-567-577-587-597-607-617
  36   C-360-349-338-327-316-305-294-283-272-261-250-240-230-219-209-198-188-177-168-158-147-137-126-116-106 -95 -85 -74 -64 -53 -44 -34 -24 -17  -7   3  13   4  -5 -15 -25 -32 -41 -49 -59 -69 -79 -87 -97-106-115-124-133-143-152-162-172-182-192-202-212-222-232-242-251-261-271-281-291-301-311-319-329-339-349-359-369-379-389-399-409-419-429-439-448-458-468-477-487-497-507-517-527-537-546-556-566-576-586-596-606
  37   A-370-359-348-337-326-315-304-293-282-271-260-249-240-229-219-208-198-187-176-168-157-146-136-126-116-105 -95 -84 -73 -63 -53 -43 -34 -24 -17  -7   3  14   4  -5 -15 -25 -32 -41 -48 -58 -68 -78 -87 -97-105-115-124-133-143-152-162-172-182-192-201-211-221-231-241-251-261-271-281-291-301-311-319-329-339-348-358-368-378-388-398-408-418-428-438-448-458-468-477-487-496-506-516-526-536-546-555-565-575-585-595
  38   G-380-369-358-347-336-325-314-303-292-281-270-259-249-239-229-218-207-197-186-176-167-156-146-136-126-115-104 -94 -83 -73 -63 -53 -43 -33 -24 -16  -6   4  14   4  -4 -14 -24 -32 -41 -47 -57 -67 -77 -86 -96-104-114-123-133-143-152-162-172-182-192-201-210-220-230-240-250-260-270-280-290-300-310-319-328-338-347-357-367-377-387-397-407-417-427-437-447-457-467-477-487-495-505-515-525-535-545-555-565-575-585
  39   G-390-379-368-357-346-335-324-313-302-291-280-269-259-249-239-228-217-207-196-186-176-166-156-146-136-125-114-104 -93 -83 -73 -63 -53 -42 -33 -23 -15  -6   4  14   5  -4 -14 -24 -32 -40 -46 -56 -66 -76 -86 -95-103-113-123-133-143-152-162-172-182-192-200-210-220-230-240-250-260-269-279-289-299-309-318-328-337-347-357-367-377-387-396-406-416-426-436-446-456-466-476-486-494-504-514-524-534-544-554-564-574
  40   G-400-389-378-367-356-345-334-323-312-301-290-279-269-259-249-238-227-217-206-196-186-176-166-156-146-135-124-114-103 -93 -83 -73 -63 -52 -42 -32 -22 -15  -6   4  15   5  -4 -14 -24 -31 -39 -46 -55 -65 -75 -85 -94-102-112-122-132-142-152-162-172-182-191-200-210-220-230-240-250-259-268-278-288-298-308-318-327-337-347-357-367-377-386-395-405-415-425-435-445-455-465-475-485-493-503-513-523-533-543-553-563
  41   C-410-399-388-377-366-355-344-333-322-311-300-289-279-268-259-248-237-226-216-206-196-186-176-166-156-145-134-124-113-102 -93 -83 -73 -62 -51 -42 -32 -22 -14  -6   5  15   5  -3 -13 -23 -31 -38 -46 -55 -65 -75 -85 -94-101-111-121-131-141-151-161-171-181-191-199-209-219-229-239-249-259-267-277-287-297-307-317-327-336-346-356-366-376-386-395-405-415-424-434-444-454-464-474-484-492-502-512-522-532-542-552
  42   C-420-409-398-387-376-365-354-343-332-321-310-299-289-278-268-258-247-236-226-216-206-196-186-176-166-155-144-134-123-112-102 -93 -83 -72 -61 -51 -42 -32 -21 -14  -5   5  15   6  -3 -13 -23 -30 -38 -46 -55 -65 -75 -85 -93-100-110-120-130-140-150-160-170-180-190-199-208-218-228-238-248-258-266-276-286-296-306-316-326-336-345-355-365-375-385-395-405-414-424-434-444-454-464-474-483-492-502-511-521-531-541
  43   T-430-419-408-397-386-375-364-353-342-331-320-309-298-288-277-268-257-246-236-225-216-206-195-185-175-165-154-144-133-122-111-102 -92 -82 -71 -61 -51 -42 -31 -20 -14  -4   6  15   6  -3 -13 -23 -30 -38 -46 -55 -65 -75 -85 -93 -99-109-119-129-139-149-159-169-179-189-199-207-217-227-237-247-257-266-276-286-296-305-315-325-335-345-355-365-374-384-394-404-414-423-433-443-453-463-473-482-492-502-511-520-530
  44   T-440-429-418-407-396-385-374-363-352-341-330-319-308-298-287-277-267-256-246-235-225-216-205-194-184-175-164-154-143-132-121-111-101 -92 -81 -71 -61 -51 -41 -30 -20 -13  -3   6  15   6  -3 -13 -23 -30 -38 -46 -55 -65 -75 -85 -92 -98-108-118-128-138-148-158-168-178-188-198-206-216-226-236-246-256-266-276-286-295-305-315-325-335-345-355-364-373-383-393-403-413-423-433-443-453-463-472-482-492-502-510-519
  45   C-450-439-428-417-406-395-384-373-362-351-340-329-318-307-297-286-277-266-256-245-235-225-215-204-194-183-174-164-153-142-131-121-111-101 -91 -81 -71 -61 -50 -40 -30 -20 -13  -2   6  15   6  -2 -12 -22 -30 -38 -46 -55 -64 -74 -84 -92 -97-107-117-127-137-147-157-167-177-187-197-206-216-225-235-245-255-265-275-285-294-304-314-324-334-344-354-364-373-382-392-402-412-422-432-442-452-462-472-481-491-501-510
  46   T-460-449-438-427-416-405-394-383-372-361-350-339-328-317-306-296-286-276-266-255-245-235-224-214-203-193-183-174-163-152-141-131-120-111-101 -91 -81 -71 -60 -49 -40 -29 -19 -12  -2   6  15   6  -2 -12 -22 -30 -38 -46 -55 -64 -73 -83 -92 -96-106-116-126-136-146-156-166-176-186-196-206-216-225-235-245-255-265-274-284-294-304-314-324-334-343-353-363-373-382-391-401-411-421-431-441-451-461-471-481-490-500
  47   A-470-459-448-437-426-415-404-393-382-371-360-349-338-327-316-306-296-286-275-265-254-244-234-224-213-203-193-182-173-162-151-140-130-120-111-101 -91 -80 -70 -59 -49 -39 -29 -19 -11  -2   6  15   6  -2 -11 -21 -30 -38 -46 -55 -64 -73 -83 -92 -95-105-115-125-135-145-155-165-175-185-195-205-215-225-235-244-254-264-274-283-293-303-313-323-333-343-353-363-373-382-390-400-410-420-430-440-450-460-470-480-490
  48   T-480-469-458-447-436-425-414-403-392-381-370-359-348-337-326-316-306-296-285-274-264-254-243-233-223-213-203-192-182-172-161-150-139-130-120-111-101 -90 -80 -69 -59 -48 -38 -29 -19 -11  -2   6  15   6  -2 -11 -21 -30 -38 -46 -54 -63 -73 -82 -92 -94-104-114-124-134-144-154-164-174-184-194-204-214-224-234-244-253-263-273-283-293-303-313-322-332-342-352-362-372-382-390-400-410-420-429-439-449-459-469-479
  49   G-490-479-468-457-446-435-424-413-402-391-380-369-358-347-336-326-315-306-295-284-274-264-253-243-233-223-212-202-192-182-171-160-149-138-130-119-110-100 -90 -79 -68 -58 -48 -38 -29 -18 -10  -2   7  16   6  -1 -10 -20 -30 -38 -46 -54 -63 -73 -82 -92 -93-103-113-123-133-143-153-163-173-183-193-203-213-223-233-243-253-263-273-283-292-302-312-322-332-342-351-361-371-381-389-399-409-419-429-439-449-459-469
  50   T-500-489-478-467-456-445-434-423-412-401-390-379-368-357-346-336-325-315-305-294-284-274-263-252-242-233-222-212-202-192-181-170-159-148-138-129-119-110-100 -89 -78 -67 -57 -48 -38 -28 -18 -10  -2   7  16   6  -1 -10 -20 -30 -37 -45 -54 -62 -72 -81 -91 -92-102-112-122-132-142-152-162-172-182-192-202-212-222-232-242-252-262-272-282-292-301-311-321-331-341-350-360-370-380-389-399-408-418-428-438-448-458
